72.0
69.0
59.333333333333336
65.33333333333333
72.66666666666667
41.0
66.33333333333333
53.666666666666664
80.66666666666667
72.33333333333333
42.333333333333336
73.0
43.666666666666664
53.333333333333336
60.333333333333336
63.333333333333336
67.66666666666667
50.333333333333336
60.666666666666664
76.66666666666667
44.666666666666664
54.666666666666664
64.66666666666667
61.333333333333336
88.33333333333333
59.666666666666664
65.33333333333333
51.333333333333336
70.33333333333333
54.0
67.33333333333333
76.0
46.666666666666664
72.33333333333333
74.0
82.66666666666667
77.66666666666667
64.66666666666667
50.333333333333336
66.0
67.33333333333333
63.666666666666664
78.0
57.333333333333336
82.0
70.33333333333333
41.666666666666664
45.666666666666664
52.0
57.666666666666664
62.333333333333336
61.333333333333336
67.0
67.33333333333333
67.0
71.33333333333333
44.0
69.33333333333333
53.0
65.66666666666667
54.666666666666664
37.0
74.0
60.333333333333336
54.666666666666664
72.33333333333333
48.333333333333336
77.66666666666667
43.0
71.0
72.0
63.666666666666664
87.33333333333333
55.0
54.666666666666664
88.33333333333333
71.33333333333333
65.0
57.333333333333336
38.666666666666664
57.0
58.333333333333336
53.333333333333336
76.66666666666667
74.66666666666667
64.66666666666667
91.0
48.666666666666664
53.0
50.0
37.333333333333336
59.0
55.0
68.33333333333333
34.666666666666664
34.666666666666664
68.33333333333333
61.0
54.666666666666664
65.33333333333333
61.666666666666664
73.66666666666667
46.666666666666664
81.0
45.666666666666664
70.3333333333333363.34905660377358 62.235849056603776 60.37735849056604